$ 1 0.000005 31.41906602856942 50 5 50 5e-11
v 176 304 176 160 0 0 5 5 0 0 0.5
w 176 160 320 160 2
v 224 304 224 208 0 2 5 1.65 1.65 0 0.5
g 224 304 224 368 0 0
d 320 240 320 160 2 default
178 560 112 560 224 6 1 0.2 2.214350162158268e-7 0.05 1000000 0.02 20 0.015 0.005 0
g 384 448 384 496 0 0
v 736 208 736 144 0 1 40 120 0 0 0.5
w 736 208 736 352 0
r 576 352 736 352 0 10
w 544 224 544 256 0
w 544 256 576 256 0
w 576 256 576 352 0
g 176 304 176 368 0 0
r 256 240 320 240 0 1000
w 224 208 256 208 3
w 256 208 256 240 0
w 560 112 736 112 0
w 736 112 736 144 0
f 320 336 384 336 32 1.5 0.02
w 384 320 400 320 0
w 384 416 384 448 1
w 320 240 320 336 2
w 384 352 384 416 0
w 400 272 400 320 0
r 400 272 400 224 0 100
w 400 224 416 224 0
w 416 224 416 192 0
w 416 192 496 192 0
w 496 192 496 224 0
w 496 224 528 224 0
w 320 160 496 160 0
w 496 160 496 112 0
w 496 112 528 112 0
b 432 144 475 223 0
x 399 137 489 140 4 24 Terminal
